CTD_Alaska/skq202409s_001svp.cnv
* Sea-Bird SBE 9 Data File:
* FileName = D:\CTD\SKQ202409S\SKQ202409S_001.hex
* Software Version Seasave V 7.26.7.121
* Temperature SN = 6042
* Conductivity SN = 0501
* Number of Bytes Per Scan = 41
* Number of Voltage Words = 4
* Number of Scans Averaged by the Deck Unit = 1
* NMEA Latitude = 56 43.18 N
* NMEA Longitude = 151 09.77 W
* NMEA UTC (Time) = Jun 22 2024  00:05:02
* NMEA baud rate = 4800
** Ship: R/V Sikuliaq
** Station Number: 1
** Station Name: KOD1
** Bottom Depth [m]: 1455
** Operator: SBG
# nquan = 7
# nvalues = 45961                                 
# units = specified
# name 0 = depSM: Depth [salt water, m]
# name 1 = latitude: Latitude [deg]
# name 2 = longitude: Longitude [deg]
# name 3 = t090C: Temperature [ITS-90, deg C]
# name 4 = sal00: Salinity, Practical [PSU]
# name 5 = svCM: Sound Velocity [Chen-Millero, m/s]
# name 6 = flag:  0.000e+00
# span 0 =      2.629,   1400.361                 
# span 1 =   56.71742,   56.71936                 
# span 2 = -151.17702, -151.16448                 
# span 3 =     2.3311,     8.6964                 
# span 4 =    32.3668,    34.5003                 
# span 5 =    1468.99,    1482.27                 
# span 6 = 0.0000e+00, 0.0000e+00                 
# interval = seconds: 0.0416667
# start_time = Jun 22 2024 00:08:10 [NMEA time, first data scan]
# bad_flag = -9.990e-29
*END*
[from data line 35283]
   1150.429   56.71806 -151.17512     2.7155    34.4216    1479.60  0.000e+00
   1150.375   56.71806 -151.17512     2.7153    34.4220    1479.60  0.000e+00
   1150.459   56.71804 -151.17512     2.7152    34.4216    1479.60  0.000e+00
   1150.489   56.71804 -151.17512     2.7151    34.4217    1479.60  0.000e+00
   1150.429   56.71804 -151.17512     2.7148    34.4224    1479.60  0.000e+00
   1150.489   56.71804 -151.17512     2.7147    34.4223    1479.60  0.000e+00
   1150.543   56.71804 -151.17512     2.7149    34.4215    1479.60  0.000e+00
   1150.489   56.71804 -151.17512     2.7147    34.4218    1479.60  0.000e+00
   1150.573   56.71804 -151.17512     2.7147    34.4221    1479.60  0.000e+00
   1150.604   56.71804 -151.17512     2.7147    34.4227    1479.60  0.000e+00
   1150.604   56.71804 -151.17512     2.7148    34.4216    1479.60  0.000e+00
   1150.543   56.71804 -151.17512     2.7149    34.4213    1479.60  0.000e+00
   1150.604   56.71804 -151.17512     2.7147    34.4224    1479.60  0.000e+00
   1150.657   56.71804 -151.17512     2.7148    34.4227    1479.60  0.000e+00
   1150.657   56.71804 -151.17512     2.7149    34.4223    1479.60  0.000e+00
   1150.688   56.71804 -151.17512     2.7148    34.4217    1479.60  0.000e+00
   1150.657   56.71804 -151.17512     2.7146    34.4216    1479.60  0.000e+00
   1150.718   56.71804 -151.17512     2.7149    34.4218    1479.60  0.000e+00
   1150.718   56.71804 -151.17512     2.7148    34.4220    1479.60  0.000e+00
   1150.779   56.71804 -151.17512     2.7147    34.4218    1479.60  0.000e+00
   1150.718   56.71804 -151.17512     2.7148    34.4217    1479.60  0.000e+00
   1150.748   56.71804 -151.17512     2.7149    34.4221    1479.60  0.000e+00
   1150.832   56.71804 -151.17512     2.7147    34.4221    1479.60  0.000e+00
   1150.779   56.71804 -151.17512     2.7147    34.4216    1479.60  0.000e+00
   1150.893   56.71804 -151.17512     2.7147    34.4217    1479.60  0.000e+00
   1150.832   56.71804 -151.17512     2.7147    34.4221    1479.60  0.000e+00
   1150.893   56.71804 -151.17512     2.7146    34.4223    1479.60  0.000e+00
   1150.893   56.71804 -151.17512     2.7147    34.4219    1479.60  0.000e+00
   1150.916   56.71804 -151.17512     2.7143    34.4221    1479.60  0.000e+00
   1150.893   56.71804 -151.17512     2.7144    34.4215    1479.60  0.000e+00
   1151.007   56.71804 -151.17512     2.7142    34.4218    1479.60  0.000e+00
   1151.007   56.71804 -151.17512     2.7143    34.4216    1479.60  0.000e+00
   1151.007   56.71804 -151.17512     2.7144    34.4217    1479.60  0.000e+00
   1151.007   56.71804 -151.17512     2.7143    34.4221    1479.60  0.000e+00
   1151.091   56.71804 -151.17512     2.7147    34.4219    1479.61  0.000e+00
   1151.122   56.71804 -151.17512     2.7145    34.4219    1479.61  0.000e+00
   1151.122   56.71804 -151.17512     2.7144    34.4217    1479.61  0.000e+00
   1151.175   56.71804 -151.17512     2.7142    34.4217    1479.61  0.000e+00
   1151.175   56.71804 -151.17512     2.7141    34.4216    1479.61  0.000e+00
   1151.236   56.71804 -151.17512     2.7142    34.4217    1479.61  0.000e+00
   1151.320   56.71804 -151.17512     2.7138    34.4226    1479.61  0.000e+00
   1151.289   56.71804 -151.17512     2.7140    34.4224    1479.61  0.000e+00
   1151.350   56.71804 -151.17512     2.7140    34.4218    1479.61  0.000e+00
   1151.350   56.71804 -151.17512     2.7139    34.4222    1479.61  0.000e+00
   1151.403   56.71804 -151.17512     2.7139    34.4221    1479.61  0.000e+00
   1151.464   56.71804 -151.17512     2.7140    34.4224    1479.61  0.000e+00
   1151.487   56.71804 -151.17512     2.7142    34.4216    1479.61  0.000e+00
   1151.518   56.71804 -151.17512     2.7140    34.4218    1479.61  0.000e+00
   1151.579   56.71804 -151.17512     2.7137    34.4222    1479.61  0.000e+00
   1151.632   56.71804 -151.17512     2.7139    34.4217    1479.61  0.000e+00
   1151.632   56.71804 -151.17514     2.7137    34.4223    1479.61  0.000e+00
   1151.723   56.71804 -151.17514     2.7137    34.4217    1479.61  0.000e+00
   1151.746   56.71804 -151.17514     2.7134    34.4221    1479.61  0.000e+00
   1151.746   56.71804 -151.17514     2.7134    34.4221    1479.61  0.000e+00
   1151.860   56.71804 -151.17514     2.7135    34.4219    1479.61  0.000e+00
   1151.860   56.71804 -151.17514     2.7131    34.4219    1479.61  0.000e+00
   1151.921   56.71804 -151.17514     2.7132    34.4221    1479.61  0.000e+00
   1151.952   56.71804 -151.17514     2.7127    34.4227    1479.61  0.000e+00
   1152.036   56.71804 -151.17514     2.7128    34.4230    1479.62  0.000e+00
   1152.036   56.71804 -151.17514     2.7131    34.4220    1479.62  0.000e+00
   1152.089   56.71804 -151.17514     2.7132    34.4215    1479.62  0.000e+00
   1152.150   56.71804 -151.17514     2.7132    34.4221    1479.62  0.000e+00
   1152.180   56.71804 -151.17514     2.7132    34.4230    1479.62  0.000e+00
   1152.264   56.71804 -151.17514     2.7126    34.4225    1479.62  0.000e+00
   1152.317   56.71804 -151.17514     2.7127    34.4215    1479.62  0.000e+00
   1152.317   56.71804 -151.17514     2.7128    34.4217    1479.62  0.000e+00
   1152.378   56.71804 -151.17514     2.7123    34.4226    1479.62  0.000e+00
   1152.432   56.71804 -151.17514     2.7123    34.4223    1479.62  0.000e+00
   1152.462   56.71804 -151.17514     2.7123    34.4223    1479.62  0.000e+00
   1152.554   56.71804 -151.17514     2.7123    34.4223    1479.62  0.000e+00
   1152.554   56.71804 -151.17514     2.7123    34.4226    1479.62  0.000e+00
   1152.668   56.71804 -151.17514     2.7123    34.4223    1479.62  0.000e+00
   1152.668   56.71804 -151.17514     2.7123    34.4220    1479.62  0.000e+00
   1152.752   56.71804 -151.17514     2.7124    34.4221    1479.63  0.000e+00
   1152.721   56.71804 -151.17514     2.7123    34.4224    1479.62  0.000e+00
   1152.835   56.71804 -151.17514     2.7121    34.4225    1479.63  0.000e+00
   1152.896   56.71804 -151.17514     2.7123    34.4222    1479.63  0.000e+00
   1152.950   56.71804 -151.17514     2.7123    34.4222    1479.63  0.000e+00
   1152.919   56.71804 -151.17514     2.7124    34.4220    1479.63  0.000e+00
   1153.064   56.71804 -151.17514     2.7125    34.4213    1479.63  0.000e+00
   1153.064   56.71804 -151.17514     2.7125    34.4215    1479.63  0.000e+00
   1153.125   56.71804 -151.17514     2.7123    34.4223    1479.63  0.000e+00
   1153.209   56.71804 -151.17514     2.7121    34.4229    1479.63  0.000e+00
   1153.239   56.71804 -151.17514     2.7123    34.4223    1479.63  0.000e+00
   1153.292   56.71804 -151.17514     2.7121    34.4224    1479.63  0.000e+00
   1153.353   56.71804 -151.17514     2.7121    34.4220    1479.63  0.000e+00
   1153.353   56.71804 -151.17514     2.7118    34.4223    1479.63  0.000e+00
   1153.437   56.71804 -151.17514     2.7120    34.4221    1479.63  0.000e+00
   1153.521   56.71804 -151.17514     2.7120    34.4223    1479.64  0.000e+00
   1153.582   56.71804 -151.17514     2.7118    34.4225    1479.64  0.000e+00
   1153.582   56.71804 -151.17514     2.7118    34.4225    1479.64  0.000e+00
   1153.696   56.71804 -151.17514     2.7120    34.4225    1479.64  0.000e+00
   1153.719   56.71804 -151.17514     2.7116    34.4226    1479.64  0.000e+00
   1153.749   56.71804 -151.17514     2.7118    34.4221    1479.64  0.000e+00
   1153.864   56.71804 -151.17514     2.7117    34.4227    1479.64  0.000e+00
   1153.864   56.71804 -151.17514     2.7115    34.4225    1479.64  0.000e+00
   1153.947   56.71804 -151.17514     2.7114    34.4227    1479.64  0.000e+00
   1153.978   56.71804 -151.17514     2.7117    34.4222    1479.64  0.000e+00
   1154.039   56.71804 -151.17514     2.7114    34.4226    1479.64  0.000e+00
   1154.092   56.71804 -151.17514     2.7116    34.4223    1479.64  0.000e+00
   1154.153   56.71804 -151.17514     2.7115    34.4221    1479.64  0.000e+00
   1154.184   56.71804 -151.17514     2.7114    34.4225    1479.65  0.000e+00
   1154.267   56.71804 -151.17514     2.7113    34.4224    1479.65  0.000e+00
   1154.267   56.71804 -151.17514     2.7114    34.4223    1479.65  0.000e+00
   1154.382   56.71804 -151.17514     2.7114    34.4223    1479.65  0.000e+00
   1154.351   56.71804 -151.17514     2.7113    34.4223    1479.65  0.000e+00
   1154.496   56.71804 -151.17514     2.7112    34.4221    1479.65  0.000e+00
   1154.557   56.71804 -151.17514     2.7110    34.4222    1479.65  0.000e+00
   1154.496   56.71804 -151.17514     2.7111    34.4230    1479.65  0.000e+00
   1154.641   56.71804 -151.17514     2.7112    34.4229    1479.65  0.000e+00
   1154.610   56.71804 -151.17514     2.7112    34.4225    1479.65  0.000e+00
   1154.785   56.71804 -151.17514     2.7116    34.4218    1479.66  0.000e+00
   1154.724   56.71804 -151.17514     2.7113    34.4220    1479.65  0.000e+00
   1154.808   56.71804 -151.17514     2.7109    34.4224    1479.65  0.000e+00
   1154.839   56.71804 -151.17514     2.7107    34.4227    1479.65  0.000e+00
   1154.899   56.71804 -151.17514     2.7107    34.4222    1479.65  0.000e+00
   1154.953   56.71804 -151.17514     2.7102    34.4227    1479.65  0.000e+00
   1155.037   56.71804 -151.17514     2.7101    34.4222    1479.65  0.000e+00
   1155.014   56.71804 -151.17514     2.7098    34.4224    1479.65  0.000e+00
   1155.067   56.71804 -151.17514     2.7095    34.4231    1479.65  0.000e+00
   1155.128   56.71804 -151.17514     2.7095    34.4231    1479.65  0.000e+00
   1155.212   56.71804 -151.17514     2.7093    34.4226    1479.65  0.000e+00
   1155.181   56.71804 -151.17514     2.7093    34.4229    1479.65  0.000e+00
   1155.296   56.71804 -151.17514     2.7095    34.4224    1479.66  0.000e+00
   1155.296   56.71804 -151.17514     2.7092    34.4229    1479.66  0.000e+00
   1155.265   56.71804 -151.17514     2.7092    34.4231    1479.65  0.000e+00
   1155.410   56.71804 -151.17514     2.7092    34.4229    1479.66  0.000e+00
   1155.410   56.71804 -151.17514     2.7092    34.4228    1479.66  0.000e+00
   1155.471   56.71804 -151.17514     2.7090    34.4230    1479.66  0.000e+00
   1155.494   56.71804 -151.17514     2.7089    34.4231    1479.66  0.000e+00
   1155.524   56.71804 -151.17514     2.7087    34.4233    1479.66  0.000e+00
   1155.585   56.71804 -151.17514     2.7087    34.4228    1479.66  0.000e+00
   1155.585   56.71804 -151.17514     2.7085    34.4229    1479.66  0.000e+00
   1155.608   56.71804 -151.17514     2.7086    34.4225    1479.66  0.000e+00
   1155.638   56.71804 -151.17514     2.7084    34.4233    1479.66  0.000e+00
   1155.753   56.71804 -151.17514     2.7086    34.4226    1479.66  0.000e+00
   1155.753   56.71804 -151.17514     2.7087    34.4229    1479.66  0.000e+00
   1155.722   56.71804 -151.17514     2.7084    34.4227    1479.66  0.000e+00
   1155.814   56.71804 -151.17514     2.7083    34.4228    1479.66  0.000e+00
   1155.814   56.71804 -151.17514     2.7083    34.4236    1479.66  0.000e+00
   1155.874   56.71804 -151.17514     2.7081    34.4233    1479.66  0.000e+00
   1155.897   56.71804 -151.17514     2.7083    34.4228    1479.66  0.000e+00
   1155.928   56.71804 -151.17514     2.7083    34.4226    1479.66  0.000e+00
   1155.928   56.71804 -151.17514     2.7079    34.4236    1479.66  0.000e+00
   1156.012   56.71804 -151.17514     2.7078    34.4233    1479.66  0.000e+00
   1156.042   56.71804 -151.17514     2.7078    34.4229    1479.66  0.000e+00
   1155.989   56.71804 -151.17514     2.7075    34.4232    1479.66  0.000e+00
   1156.103   56.71804 -151.17514     2.7075    34.4231    1479.66  0.000e+00
   1156.065   56.71804 -151.17514     2.7073    34.4230    1479.66  0.000e+00
   1156.103   56.71804 -151.17514     2.7070    34.4231    1479.66  0.000e+00
   1156.217   56.71804 -151.17514     2.7071    34.4232    1479.66  0.000e+00
   1156.156   56.71804 -151.17514     2.7069    34.4232    1479.66  0.000e+00
   1156.179   56.71804 -151.17514     2.7069    34.4233    1479.66  0.000e+00
   1156.271   56.71804 -151.17514     2.7067    34.4231    1479.66  0.000e+00
   1156.271   56.71804 -151.17514     2.7065    34.4235    1479.66  0.000e+00
   1156.293   56.71804 -151.17514     2.7065    34.4234    1479.66  0.000e+00
   1156.331   56.71804 -151.17514     2.7064    34.4237    1479.66  0.000e+00
   1156.331   56.71804 -151.17514     2.7062    34.4239    1479.66  0.000e+00
   1156.385   56.71804 -151.17514     2.7061    34.4234    1479.66  0.000e+00
   1156.408   56.71804 -151.17514     2.7058    34.4230    1479.66  0.000e+00
   1156.385   56.71804 -151.17514     2.7057    34.4232    1479.66  0.000e+00
   1156.499   56.71804 -151.17514     2.7055    34.4237    1479.66  0.000e+00
   1156.469   56.71804 -151.17514     2.7055    34.4241    1479.66  0.000e+00
   1156.560   56.71804 -151.17514     2.7053    34.4236    1479.66  0.000e+00
   1156.560   56.71804 -151.17514     2.7051    34.4233    1479.66  0.000e+00
   1156.560   56.71804 -151.17514     2.7048    34.4242    1479.66  0.000e+00
   1156.644   56.71804 -151.17514     2.7047    34.4240    1479.66  0.000e+00
   1156.674   56.71804 -151.17514     2.7048    34.4231    1479.66  0.000e+00
   1156.674   56.71804 -151.17514     2.7045    34.4235    1479.66  0.000e+00
   1156.728   56.71804 -151.17514     2.7046    34.4239    1479.66  0.000e+00
   1156.758   56.71804 -151.17516     2.7047    34.4238    1479.66  0.000e+00
   1156.728   56.71804 -151.17516     2.7042    34.4240    1479.66  0.000e+00
   1156.842   56.71804 -151.17516     2.7042    34.4235    1479.66  0.000e+00
   1156.872   56.71804 -151.17516     2.7042    34.4239    1479.66  0.000e+00
   1156.903   56.71804 -151.17516     2.7044    34.4236    1479.66  0.000e+00
   1156.956   56.71804 -151.17516     2.7042    34.4236    1479.66  0.000e+00
   1156.926   56.71804 -151.17516     2.7042    34.4237    1479.66  0.000e+00
   1157.017   56.71804 -151.17516     2.7039    34.4240    1479.66  0.000e+00
   1157.070   56.71804 -151.17516     2.7039    34.4242    1479.66  0.000e+00
   1157.070   56.71804 -151.17516     2.7039    34.4237    1479.66  0.000e+00
   1157.101   56.71804 -151.17516     2.7037    34.4235    1479.66  0.000e+00
   1157.185   56.71804 -151.17516     2.7034    34.4240    1479.66  0.000e+00
   1157.185   56.71804 -151.17516     2.7033    34.4242    1479.66  0.000e+00
   1157.215   56.71804 -151.17516     2.7033    34.4244    1479.66  0.000e+00
   1157.299   56.71804 -151.17516     2.7033    34.4242    1479.67  0.000e+00
   1157.299   56.71804 -151.17516     2.7031    34.4239    1479.66  0.000e+00
   1157.360   56.71804 -151.17516     2.7029    34.4244    1479.66  0.000e+00
   1157.444   56.71804 -151.17516     2.7032    34.4243    1479.67  0.000e+00
   1157.413   56.71804 -151.17516     2.7033    34.4243    1479.67  0.000e+00
   1157.474   56.71804 -151.17516     2.7031    34.4243    1479.67  0.000e+00
   1157.558   56.71804 -151.17516     2.7030    34.4244    1479.67  0.000e+00
   1157.535   56.71804 -151.17516     2.7026    34.4250    1479.67  0.000e+00
   1157.588   56.71804 -151.17516     2.7028    34.4243    1479.67  0.000e+00
   1157.672   56.71804 -151.17516     2.7026    34.4244    1479.67  0.000e+00
   1157.703   56.71804 -151.17516     2.7026    34.4244    1479.67  0.000e+00
   1157.763   56.71804 -151.17516     2.7025    34.4247    1479.67  0.000e+00
   1157.763   56.71804 -151.17516     2.7023    34.4252    1479.67  0.000e+00
   1157.840   56.71804 -151.17516     2.7025    34.4247    1479.67  0.000e+00
   1157.878   56.71804 -151.17516     2.7023    34.4251    1479.67  0.000e+00
   1157.878   56.71804 -151.17516     2.7023    34.4245    1479.67  0.000e+00
   1157.954   56.71804 -151.17516     2.7022    34.4244    1479.67  0.000e+00
   1158.045   56.71804 -151.17516     2.7023    34.4248    1479.67  0.000e+00
   1158.045   56.71804 -151.17516     2.7022    34.4246    1479.67  0.000e+00
   1158.129   56.71804 -151.17516     2.7023    34.4239    1479.67  0.000e+00
