CTD_Alaska/skq202409s_001svp.cnv
* Sea-Bird SBE 9 Data File:
* FileName = D:\CTD\SKQ202409S\SKQ202409S_001.hex
* Software Version Seasave V 7.26.7.121
* Temperature SN = 6042
* Conductivity SN = 0501
* Number of Bytes Per Scan = 41
* Number of Voltage Words = 4
* Number of Scans Averaged by the Deck Unit = 1
* NMEA Latitude = 56 43.18 N
* NMEA Longitude = 151 09.77 W
* NMEA UTC (Time) = Jun 22 2024  00:05:02
* NMEA baud rate = 4800
** Ship: R/V Sikuliaq
** Station Number: 1
** Station Name: KOD1
** Bottom Depth [m]: 1455
** Operator: SBG
# nquan = 7
# nvalues = 45961                                 
# units = specified
# name 0 = depSM: Depth [salt water, m]
# name 1 = latitude: Latitude [deg]
# name 2 = longitude: Longitude [deg]
# name 3 = t090C: Temperature [ITS-90, deg C]
# name 4 = sal00: Salinity, Practical [PSU]
# name 5 = svCM: Sound Velocity [Chen-Millero, m/s]
# name 6 = flag:  0.000e+00
# span 0 =      2.629,   1400.361                 
# span 1 =   56.71742,   56.71936                 
# span 2 = -151.17702, -151.16448                 
# span 3 =     2.3311,     8.6964                 
# span 4 =    32.3668,    34.5003                 
# span 5 =    1468.99,    1482.27                 
# span 6 = 0.0000e+00, 0.0000e+00                 
# interval = seconds: 0.0416667
# start_time = Jun 22 2024 00:08:10 [NMEA time, first data scan]
# bad_flag = -9.990e-29
*END*
[from data line 7795]
    121.237   56.71878 -151.16740     5.3338    33.7358    1472.48  0.000e+00
    121.289   56.71878 -151.16740     5.3340    33.7356    1472.48  0.000e+00
    121.350   56.71878 -151.16740     5.3335    33.7361    1472.48  0.000e+00
    121.350   56.71878 -151.16740     5.3335    33.7359    1472.48  0.000e+00
    121.455   56.71878 -151.16740     5.3333    33.7357    1472.48  0.000e+00
    121.289   56.71878 -151.16740     5.3332    33.7358    1472.48  0.000e+00
    121.492   56.71878 -151.16740     5.3330    33.7355    1472.48  0.000e+00
    121.455   56.71878 -151.16740     5.3331    33.7355    1472.48  0.000e+00
    121.515   56.71878 -151.16740     5.3327    33.7358    1472.48  0.000e+00
    121.515   56.71878 -151.16740     5.3327    33.7359    1472.48  0.000e+00
    121.515   56.71878 -151.16740     5.3326    33.7359    1472.48  0.000e+00
    121.568   56.71878 -151.16740     5.3324    33.7361    1472.48  0.000e+00
    121.568   56.71878 -151.16740     5.3322    33.7357    1472.48  0.000e+00
    121.628   56.71878 -151.16740     5.3321    33.7358    1472.48  0.000e+00
    121.680   56.71878 -151.16740     5.3319    33.7358    1472.48  0.000e+00
    121.628   56.71878 -151.16740     5.3318    33.7357    1472.48  0.000e+00
    121.733   56.71878 -151.16740     5.3315    33.7357    1472.48  0.000e+00
    121.733   56.71878 -151.16740     5.3312    33.7356    1472.48  0.000e+00
    121.733   56.71878 -151.16740     5.3310    33.7360    1472.48  0.000e+00
    121.793   56.71878 -151.16740     5.3306    33.7360    1472.48  0.000e+00
    121.846   56.71878 -151.16740     5.3305    33.7361    1472.48  0.000e+00
    121.846   56.71878 -151.16740     5.3302    33.7357    1472.47  0.000e+00
    121.846   56.71878 -151.16740     5.3297    33.7365    1472.47  0.000e+00
    121.906   56.71878 -151.16740     5.3299    33.7359    1472.47  0.000e+00
    121.906   56.71878 -151.16740     5.3294    33.7365    1472.47  0.000e+00
    121.958   56.71878 -151.16740     5.3296    33.7365    1472.47  0.000e+00
    121.958   56.71878 -151.16740     5.3294    33.7367    1472.47  0.000e+00
    122.071   56.71878 -151.16740     5.3292    33.7366    1472.48  0.000e+00
    122.011   56.71878 -151.16740     5.3291    33.7364    1472.47  0.000e+00
    122.071   56.71878 -151.16740     5.3289    33.7365    1472.47  0.000e+00
    122.071   56.71878 -151.16740     5.3291    33.7363    1472.47  0.000e+00
    122.124   56.71878 -151.16740     5.3289    33.7360    1472.47  0.000e+00
    122.124   56.71878 -151.16740     5.3286    33.7364    1472.47  0.000e+00
    122.184   56.71878 -151.16740     5.3286    33.7364    1472.47  0.000e+00
    122.184   56.71878 -151.16742     5.3284    33.7369    1472.47  0.000e+00
    122.236   56.71878 -151.16742     5.3285    33.7371    1472.48  0.000e+00
    122.289   56.71878 -151.16742     5.3283    33.7367    1472.48  0.000e+00
    122.236   56.71878 -151.16742     5.3283    33.7365    1472.47  0.000e+00
    122.289   56.71878 -151.16742     5.3281    33.7366    1472.47  0.000e+00
    122.349   56.71878 -151.16742     5.3282    33.7370    1472.48  0.000e+00
    122.349   56.71878 -151.16742     5.3284    33.7366    1472.48  0.000e+00
    122.349   56.71878 -151.16742     5.3280    33.7368    1472.48  0.000e+00
    122.402   56.71878 -151.16742     5.3281    33.7366    1472.48  0.000e+00
    122.462   56.71878 -151.16742     5.3283    33.7366    1472.48  0.000e+00
    122.462   56.71878 -151.16742     5.3278    33.7372    1472.48  0.000e+00
    122.462   56.71878 -151.16742     5.3282    33.7370    1472.48  0.000e+00
    122.492   56.71878 -151.16742     5.3280    33.7368    1472.48  0.000e+00
    122.514   56.71878 -151.16742     5.3279    33.7368    1472.48  0.000e+00
    122.567   56.71878 -151.16742     5.3280    33.7368    1472.48  0.000e+00
    122.567   56.71878 -151.16742     5.3277    33.7370    1472.48  0.000e+00
    122.627   56.71878 -151.16742     5.3278    33.7370    1472.48  0.000e+00
    122.627   56.71878 -151.16742     5.3282    33.7367    1472.48  0.000e+00
    122.567   56.71878 -151.16742     5.3280    33.7374    1472.48  0.000e+00
    122.680   56.71878 -151.16742     5.3288    33.7375    1472.49  0.000e+00
    122.680   56.71878 -151.16742     5.3299    33.7369    1472.49  0.000e+00
    122.740   56.71878 -151.16742     5.3302    33.7369    1472.49  0.000e+00
    122.680   56.71878 -151.16742     5.3299    33.7366    1472.49  0.000e+00
    122.792   56.71878 -151.16742     5.3294    33.7362    1472.49  0.000e+00
    122.740   56.71878 -151.16742     5.3288    33.7362    1472.48  0.000e+00
    122.792   56.71878 -151.16742     5.3280    33.7368    1472.48  0.000e+00
    122.792   56.71878 -151.16742     5.3276    33.7371    1472.48  0.000e+00
    122.845   56.71878 -151.16742     5.3277    33.7373    1472.48  0.000e+00
    122.845   56.71878 -151.16742     5.3281    33.7376    1472.49  0.000e+00
    122.845   56.71878 -151.16742     5.3289    33.7368    1472.49  0.000e+00
    122.905   56.71878 -151.16742     5.3297    33.7356    1472.49  0.000e+00
    122.845   56.71878 -151.16742     5.3292    33.7356    1472.49  0.000e+00
    122.958   56.71878 -151.16742     5.3281    33.7359    1472.48  0.000e+00
    122.905   56.71878 -151.16742     5.3270    33.7369    1472.48  0.000e+00
    122.958   56.71878 -151.16742     5.3264    33.7379    1472.48  0.000e+00
    122.958   56.71878 -151.16742     5.3260    33.7377    1472.48  0.000e+00
    122.905   56.71878 -151.16742     5.3259    33.7372    1472.48  0.000e+00
    123.048   56.71878 -151.16742     5.3259    33.7372    1472.48  0.000e+00
    123.018   56.71878 -151.16742     5.3258    33.7383    1472.48  0.000e+00
    123.018   56.71878 -151.16742     5.3260    33.7381    1472.48  0.000e+00
    123.070   56.71878 -151.16742     5.3269    33.7370    1472.48  0.000e+00
    123.070   56.71878 -151.16742     5.3275    33.7369    1472.49  0.000e+00
    123.070   56.71878 -151.16742     5.3279    33.7372    1472.49  0.000e+00
    123.070   56.71878 -151.16742     5.3278    33.7372    1472.49  0.000e+00
    123.123   56.71878 -151.16742     5.3282    33.7367    1472.49  0.000e+00
    123.123   56.71878 -151.16742     5.3286    33.7365    1472.49  0.000e+00
    123.070   56.71878 -151.16742     5.3285    33.7365    1472.49  0.000e+00
    123.183   56.71878 -151.16742     5.3284    33.7367    1472.49  0.000e+00
    123.123   56.71878 -151.16744     5.3286    33.7363    1472.49  0.000e+00
    123.183   56.71878 -151.16744     5.3284    33.7367    1472.49  0.000e+00
    123.183   56.71878 -151.16744     5.3280    33.7369    1472.49  0.000e+00
    123.183   56.71878 -151.16744     5.3281    33.7370    1472.49  0.000e+00
    123.183   56.71878 -151.16744     5.3280    33.7369    1472.49  0.000e+00
    123.236   56.71878 -151.16744     5.3278    33.7374    1472.49  0.000e+00
    123.236   56.71878 -151.16744     5.3282    33.7370    1472.49  0.000e+00
    123.236   56.71878 -151.16744     5.3283    33.7371    1472.49  0.000e+00
    123.236   56.71878 -151.16744     5.3280    33.7370    1472.49  0.000e+00
    123.266   56.71878 -151.16744     5.3280    33.7367    1472.49  0.000e+00
    123.236   56.71878 -151.16744     5.3277    33.7367    1472.49  0.000e+00
    123.288   56.71878 -151.16744     5.3269    33.7374    1472.49  0.000e+00
    123.288   56.71878 -151.16744     5.3267    33.7371    1472.49  0.000e+00
    123.349   56.71878 -151.16744     5.3266    33.7370    1472.49  0.000e+00
    123.236   56.71878 -151.16744     5.3266    33.7373    1472.48  0.000e+00
    123.401   56.71878 -151.16744     5.3267    33.7372    1472.49  0.000e+00
    123.288   56.71878 -151.16744     5.3269    33.7371    1472.49  0.000e+00
    123.401   56.71878 -151.16744     5.3270    33.7371    1472.49  0.000e+00
    123.288   56.71878 -151.16744     5.3269    33.7372    1472.49  0.000e+00
    123.401   56.71878 -151.16744     5.3272    33.7367    1472.49  0.000e+00
    123.349   56.71878 -151.16744     5.3272    33.7371    1472.49  0.000e+00
    123.401   56.71878 -151.16744     5.3273    33.7371    1472.49  0.000e+00
    123.401   56.71878 -151.16744     5.3275    33.7366    1472.49  0.000e+00
    123.461   56.71878 -151.16744     5.3272    33.7365    1472.49  0.000e+00
    123.349   56.71878 -151.16746     5.3269    33.7363    1472.49  0.000e+00
    123.514   56.71878 -151.16746     5.3259    33.7368    1472.49  0.000e+00
    123.349   56.71878 -151.16746     5.3256    33.7363    1472.48  0.000e+00
    123.544   56.71878 -151.16746     5.3252    33.7372    1472.48  0.000e+00
    123.401   56.71878 -151.16746     5.3251    33.7373    1472.48  0.000e+00
    123.514   56.71878 -151.16746     5.3252    33.7376    1472.48  0.000e+00
    123.461   56.71878 -151.16746     5.3253    33.7375    1472.48  0.000e+00
    123.514   56.71878 -151.16746     5.3255    33.7372    1472.49  0.000e+00
    123.461   56.71878 -151.16746     5.3256    33.7371    1472.48  0.000e+00
    123.566   56.71878 -151.16746     5.3256    33.7375    1472.49  0.000e+00
    123.514   56.71878 -151.16746     5.3259    33.7378    1472.49  0.000e+00
    123.566   56.71878 -151.16746     5.3258    33.7378    1472.49  0.000e+00
    123.514   56.71878 -151.16746     5.3260    33.7377    1472.49  0.000e+00
    123.566   56.71878 -151.16746     5.3263    33.7374    1472.49  0.000e+00
    123.566   56.71878 -151.16746     5.3262    33.7373    1472.49  0.000e+00
    123.627   56.71878 -151.16746     5.3263    33.7371    1472.49  0.000e+00
    123.566   56.71878 -151.16746     5.3260    33.7376    1472.49  0.000e+00
    123.566   56.71878 -151.16746     5.3264    33.7365    1472.49  0.000e+00
    123.627   56.71878 -151.16746     5.3257    33.7355    1472.49  0.000e+00
    123.627   56.71878 -151.16746     5.3247    33.7359    1472.48  0.000e+00
    123.657   56.71878 -151.16746     5.3235    33.7369    1472.48  0.000e+00
    123.627   56.71878 -151.16746     5.3229    33.7372    1472.48  0.000e+00
    123.679   56.71878 -151.16746     5.3226    33.7373    1472.48  0.000e+00
    123.627   56.71878 -151.16746     5.3224    33.7378    1472.48  0.000e+00
    123.739   56.71878 -151.16746     5.3225    33.7375    1472.48  0.000e+00
    123.627   56.71878 -151.16746     5.3226    33.7378    1472.48  0.000e+00
    123.739   56.71878 -151.16746     5.3223    33.7386    1472.48  0.000e+00
    123.679   56.71878 -151.16746     5.3226    33.7384    1472.48  0.000e+00
    123.792   56.71878 -151.16746     5.3223    33.7374    1472.48  0.000e+00
    123.679   56.71878 -151.16746     5.3220    33.7372    1472.47  0.000e+00
    123.844   56.71878 -151.16746     5.3214    33.7379    1472.47  0.000e+00
    123.739   56.71878 -151.16746     5.3216    33.7380    1472.47  0.000e+00
    123.792   56.71878 -151.16746     5.3212    33.7368    1472.47  0.000e+00
    123.739   56.71878 -151.16746     5.3188    33.7364    1472.46  0.000e+00
    123.844   56.71878 -151.16746     5.3160    33.7377    1472.45  0.000e+00
    123.905   56.71878 -151.16746     5.3146    33.7386    1472.45  0.000e+00
    123.769   56.71878 -151.16746     5.3142    33.7393    1472.45  0.000e+00
    123.905   56.71878 -151.16746     5.3148    33.7389    1472.45  0.000e+00
    123.844   56.71878 -151.16746     5.3149    33.7392    1472.45  0.000e+00
    123.905   56.71878 -151.16746     5.3154    33.7391    1472.45  0.000e+00
    123.905   56.71878 -151.16746     5.3159    33.7385    1472.45  0.000e+00
    123.905   56.71878 -151.16746     5.3154    33.7379    1472.45  0.000e+00
    123.957   56.71878 -151.16746     5.3119    33.7390    1472.44  0.000e+00
    123.905   56.71878 -151.16746     5.3092    33.7392    1472.43  0.000e+00
    123.957   56.71878 -151.16746     5.3073    33.7402    1472.42  0.000e+00
    124.017   56.71878 -151.16746     5.3067    33.7411    1472.42  0.000e+00
    124.017   56.71878 -151.16746     5.3067    33.7412    1472.42  0.000e+00
    124.017   56.71878 -151.16746     5.3073    33.7417    1472.43  0.000e+00
    124.070   56.71878 -151.16748     5.3078    33.7415    1472.43  0.000e+00
    124.017   56.71878 -151.16748     5.3083    33.7417    1472.43  0.000e+00
    124.070   56.71878 -151.16748     5.3091    33.7411    1472.43  0.000e+00
    124.100   56.71878 -151.16748     5.3086    33.7411    1472.43  0.000e+00
    124.123   56.71878 -151.16748     5.3070    33.7411    1472.43  0.000e+00
    124.123   56.71878 -151.16748     5.3055    33.7414    1472.42  0.000e+00
    124.123   56.71878 -151.16748     5.3043    33.7417    1472.42  0.000e+00
    124.183   56.71878 -151.16748     5.3037    33.7414    1472.41  0.000e+00
    124.183   56.71878 -151.16748     5.3029    33.7423    1472.41  0.000e+00
    124.235   56.71878 -151.16748     5.3030    33.7428    1472.41  0.000e+00
    124.235   56.71878 -151.16748     5.3039    33.7428    1472.42  0.000e+00
    124.235   56.71878 -151.16748     5.3043    33.7424    1472.42  0.000e+00
    124.235   56.71878 -151.16748     5.3036    33.7420    1472.41  0.000e+00
    124.295   56.71878 -151.16748     5.3013    33.7412    1472.41  0.000e+00
    124.348   56.71878 -151.16748     5.2990    33.7408    1472.40  0.000e+00
    124.295   56.71878 -151.16748     5.2966    33.7411    1472.39  0.000e+00
    124.401   56.71878 -151.16748     5.2942    33.7424    1472.38  0.000e+00
    124.378   56.71878 -151.16748     5.2929    33.7436    1472.38  0.000e+00
    124.401   56.71878 -151.16748     5.2932    33.7437    1472.38  0.000e+00
    124.401   56.71878 -151.16748     5.2935    33.7431    1472.38  0.000e+00
    124.461   56.71878 -151.16748     5.2921    33.7425    1472.37  0.000e+00
    124.461   56.71878 -151.16748     5.2899    33.7430    1472.36  0.000e+00
    124.513   56.71878 -151.16748     5.2872    33.7430    1472.35  0.000e+00
    124.513   56.71878 -151.16748     5.2845    33.7429    1472.34  0.000e+00
    124.573   56.71878 -151.16750     5.2815    33.7442    1472.33  0.000e+00
    124.573   56.71878 -151.16750     5.2790    33.7453    1472.32  0.000e+00
    124.573   56.71878 -151.16750     5.2771    33.7459    1472.32  0.000e+00
    124.626   56.71878 -151.16750     5.2752    33.7473    1472.31  0.000e+00
    124.626   56.71878 -151.16750     5.2737    33.7472    1472.31  0.000e+00
    124.656   56.71878 -151.16750     5.2725    33.7472    1472.30  0.000e+00
    124.739   56.71878 -151.16750     5.2715    33.7473    1472.30  0.000e+00
    124.679   56.71878 -151.16750     5.2703    33.7479    1472.29  0.000e+00
    124.739   56.71878 -151.16750     5.2688    33.7486    1472.29  0.000e+00
    124.791   56.71878 -151.16750     5.2672    33.7486    1472.28  0.000e+00
    124.791   56.71878 -151.16750     5.2658    33.7489    1472.28  0.000e+00
    124.791   56.71878 -151.16750     5.2645    33.7500    1472.28  0.000e+00
    124.851   56.71878 -151.16750     5.2639    33.7497    1472.27  0.000e+00
    124.904   56.71878 -151.16750     5.2628    33.7494    1472.27  0.000e+00
    124.904   56.71878 -151.16750     5.2620    33.7498    1472.27  0.000e+00
    124.904   56.71878 -151.16750     5.2612    33.7508    1472.27  0.000e+00
    124.957   56.71878 -151.16750     5.2604    33.7506    1472.26  0.000e+00
    124.987   56.71878 -151.16750     5.2598    33.7513    1472.26  0.000e+00
    125.017   56.71878 -151.16750     5.2590    33.7514    1472.26  0.000e+00
    125.017   56.71878 -151.16750     5.2583    33.7516    1472.26  0.000e+00
    125.069   56.71878 -151.16750     5.2572    33.7523    1472.25  0.000e+00
    125.069   56.71878 -151.16750     5.2572    33.7523    1472.25  0.000e+00
    125.130   56.71878 -151.16750     5.2576    33.7527    1472.26  0.000e+00
    125.130   56.71878 -151.16750     5.2578    33.7524    1472.26  0.000e+00
    125.182   56.71878 -151.16750     5.2581    33.7515    1472.26  0.000e+00
    125.182   56.71878 -151.16750     5.2574    33.7515    1472.26  0.000e+00
    125.235   56.71878 -151.16750     5.2564    33.7513    1472.25  0.000e+00
