CTD_Alaska/skq202409s_001svp.cnv
* Sea-Bird SBE 9 Data File:
* FileName = D:\CTD\SKQ202409S\SKQ202409S_001.hex
* Software Version Seasave V 7.26.7.121
* Temperature SN = 6042
* Conductivity SN = 0501
* Number of Bytes Per Scan = 41
* Number of Voltage Words = 4
* Number of Scans Averaged by the Deck Unit = 1
* NMEA Latitude = 56 43.18 N
* NMEA Longitude = 151 09.77 W
* NMEA UTC (Time) = Jun 22 2024  00:05:02
* NMEA baud rate = 4800
** Ship: R/V Sikuliaq
** Station Number: 1
** Station Name: KOD1
** Bottom Depth [m]: 1455
** Operator: SBG
# nquan = 7
# nvalues = 45961                                 
# units = specified
# name 0 = depSM: Depth [salt water, m]
# name 1 = latitude: Latitude [deg]
# name 2 = longitude: Longitude [deg]
# name 3 = t090C: Temperature [ITS-90, deg C]
# name 4 = sal00: Salinity, Practical [PSU]
# name 5 = svCM: Sound Velocity [Chen-Millero, m/s]
# name 6 = flag:  0.000e+00
# span 0 =      2.629,   1400.361                 
# span 1 =   56.71742,   56.71936                 
# span 2 = -151.17702, -151.16448                 
# span 3 =     2.3311,     8.6964                 
# span 4 =    32.3668,    34.5003                 
# span 5 =    1468.99,    1482.27                 
# span 6 = 0.0000e+00, 0.0000e+00                 
# interval = seconds: 0.0416667
# start_time = Jun 22 2024 00:08:10 [NMEA time, first data scan]
# bad_flag = -9.990e-29
*END*
[from data line 33231]
   1065.630   56.71812 -151.17472     2.8614    34.3924    1478.76  0.000e+00
   1065.683   56.71812 -151.17472     2.8614    34.3922    1478.76  0.000e+00
   1065.661   56.71812 -151.17472     2.8612    34.3925    1478.76  0.000e+00
   1065.683   56.71812 -151.17472     2.8615    34.3918    1478.76  0.000e+00
   1065.683   56.71812 -151.17472     2.8612    34.3924    1478.76  0.000e+00
   1065.714   56.71812 -151.17472     2.8611    34.3924    1478.76  0.000e+00
   1065.683   56.71812 -151.17472     2.8612    34.3921    1478.76  0.000e+00
   1065.744   56.71812 -151.17472     2.8612    34.3919    1478.76  0.000e+00
   1065.828   56.71812 -151.17472     2.8615    34.3921    1478.76  0.000e+00
   1065.798   56.71812 -151.17472     2.8612    34.3929    1478.76  0.000e+00
   1065.798   56.71812 -151.17472     2.8612    34.3931    1478.76  0.000e+00
   1065.828   56.71812 -151.17472     2.8614    34.3927    1478.76  0.000e+00
   1065.858   56.71812 -151.17472     2.8614    34.3925    1478.76  0.000e+00
   1065.912   56.71812 -151.17472     2.8615    34.3922    1478.77  0.000e+00
   1065.889   56.71812 -151.17472     2.8614    34.3925    1478.76  0.000e+00
   1065.912   56.71812 -151.17472     2.8612    34.3925    1478.76  0.000e+00
   1066.026   56.71812 -151.17472     2.8614    34.3920    1478.77  0.000e+00
   1065.942   56.71812 -151.17472     2.8612    34.3921    1478.76  0.000e+00
   1066.087   56.71812 -151.17472     2.8610    34.3924    1478.77  0.000e+00
   1066.026   56.71812 -151.17472     2.8609    34.3930    1478.77  0.000e+00
   1066.117   56.71812 -151.17472     2.8609    34.3925    1478.77  0.000e+00
   1066.140   56.71812 -151.17472     2.8609    34.3919    1478.77  0.000e+00
   1066.117   56.71812 -151.17472     2.8610    34.3920    1478.77  0.000e+00
   1066.201   56.71812 -151.17472     2.8610    34.3928    1478.77  0.000e+00
   1066.254   56.71812 -151.17472     2.8612    34.3927    1478.77  0.000e+00
   1066.231   56.71812 -151.17472     2.8609    34.3927    1478.77  0.000e+00
   1066.315   56.71812 -151.17472     2.8610    34.3920    1478.77  0.000e+00
   1066.315   56.71812 -151.17472     2.8611    34.3917    1478.77  0.000e+00
   1066.399   56.71812 -151.17472     2.8607    34.3925    1478.77  0.000e+00
   1066.429   56.71812 -151.17472     2.8607    34.3923    1478.77  0.000e+00
   1066.482   56.71812 -151.17472     2.8604    34.3928    1478.77  0.000e+00
   1066.459   56.71812 -151.17472     2.8607    34.3930    1478.77  0.000e+00
   1066.543   56.71812 -151.17472     2.8607    34.3925    1478.77  0.000e+00
   1066.596   56.71812 -151.17472     2.8606    34.3924    1478.77  0.000e+00
   1066.627   56.71812 -151.17472     2.8607    34.3923    1478.77  0.000e+00
   1066.711   56.71812 -151.17472     2.8609    34.3924    1478.78  0.000e+00
   1066.711   56.71812 -151.17472     2.8609    34.3924    1478.78  0.000e+00
   1066.741   56.71812 -151.17472     2.8609    34.3924    1478.78  0.000e+00
   1066.825   56.71812 -151.17474     2.8607    34.3927    1478.78  0.000e+00
   1066.855   56.71812 -151.17474     2.8609    34.3927    1478.78  0.000e+00
   1066.885   56.71812 -151.17474     2.8607    34.3930    1478.78  0.000e+00
   1067.000   56.71812 -151.17474     2.8607    34.3927    1478.78  0.000e+00
   1066.969   56.71812 -151.17474     2.8606    34.3927    1478.78  0.000e+00
   1067.000   56.71812 -151.17474     2.8607    34.3924    1478.78  0.000e+00
   1067.114   56.71812 -151.17474     2.8609    34.3924    1478.78  0.000e+00
   1067.144   56.71812 -151.17474     2.8604    34.3929    1478.78  0.000e+00
   1067.167   56.71812 -151.17474     2.8604    34.3931    1478.78  0.000e+00
   1067.258   56.71812 -151.17474     2.8607    34.3927    1478.79  0.000e+00
   1067.281   56.71812 -151.17474     2.8604    34.3930    1478.78  0.000e+00
   1067.342   56.71812 -151.17474     2.8606    34.3929    1478.79  0.000e+00
   1067.372   56.71812 -151.17474     2.8606    34.3930    1478.79  0.000e+00
   1067.395   56.71812 -151.17474     2.8606    34.3929    1478.79  0.000e+00
   1067.509   56.71812 -151.17474     2.8609    34.3928    1478.79  0.000e+00
   1067.540   56.71812 -151.17474     2.8607    34.3930    1478.79  0.000e+00
   1067.570   56.71812 -151.17474     2.8606    34.3926    1478.79  0.000e+00
   1067.601   56.71812 -151.17474     2.8607    34.3924    1478.79  0.000e+00
   1067.738   56.71812 -151.17474     2.8606    34.3931    1478.79  0.000e+00
   1067.738   56.71812 -151.17474     2.8608    34.3928    1478.79  0.000e+00
   1067.768   56.71812 -151.17474     2.8609    34.3922    1478.79  0.000e+00
   1067.852   56.71812 -151.17474     2.8610    34.3926    1478.80  0.000e+00
   1067.913   56.71812 -151.17474     2.8609    34.3928    1478.80  0.000e+00
   1067.943   56.71812 -151.17474     2.8607    34.3926    1478.80  0.000e+00
   1068.027   56.71812 -151.17474     2.8609    34.3923    1478.80  0.000e+00
   1067.996   56.71812 -151.17474     2.8607    34.3925    1478.80  0.000e+00
   1068.141   56.71812 -151.17474     2.8607    34.3924    1478.80  0.000e+00
   1068.194   56.71812 -151.17474     2.8608    34.3926    1478.80  0.000e+00
   1068.225   56.71812 -151.17474     2.8610    34.3927    1478.80  0.000e+00
   1068.255   56.71812 -151.17474     2.8609    34.3926    1478.80  0.000e+00
   1068.339   56.71812 -151.17474     2.8606    34.3923    1478.80  0.000e+00
   1068.422   56.71812 -151.17474     2.8604    34.3922    1478.80  0.000e+00
   1068.422   56.71812 -151.17474     2.8603    34.3929    1478.80  0.000e+00
   1068.514   56.71812 -151.17474     2.8603    34.3927    1478.80  0.000e+00
   1068.544   56.71812 -151.17474     2.8600    34.3931    1478.80  0.000e+00
   1068.628   56.71812 -151.17474     2.8600    34.3926    1478.80  0.000e+00
   1068.658   56.71812 -151.17474     2.8595    34.3928    1478.80  0.000e+00
   1068.826   56.71812 -151.17474     2.8592    34.3930    1478.81  0.000e+00
   1068.742   56.71812 -151.17474     2.8590    34.3931    1478.80  0.000e+00
   1068.886   56.71812 -151.17474     2.8589    34.3926    1478.80  0.000e+00
   1068.917   56.71812 -151.17474     2.8587    34.3929    1478.80  0.000e+00
   1068.940   56.71812 -151.17474     2.8583    34.3931    1478.80  0.000e+00
   1069.001   56.71812 -151.17474     2.8581    34.3934    1478.80  0.000e+00
   1069.145   56.71812 -151.17474     2.8578    34.3939    1478.81  0.000e+00
   1069.115   56.71812 -151.17474     2.8581    34.3930    1478.81  0.000e+00
   1069.198   56.71812 -151.17474     2.8576    34.3933    1478.81  0.000e+00
   1069.229   56.71812 -151.17474     2.8579    34.3936    1478.81  0.000e+00
   1069.343   56.71812 -151.17474     2.8579    34.3936    1478.81  0.000e+00
   1069.312   56.71812 -151.17474     2.8576    34.3936    1478.81  0.000e+00
   1069.396   56.71812 -151.17474     2.8578    34.3931    1478.81  0.000e+00
   1069.487   56.71812 -151.17474     2.8576    34.3937    1478.81  0.000e+00
   1069.510   56.71812 -151.17474     2.8575    34.3934    1478.81  0.000e+00
   1069.541   56.71812 -151.17474     2.8570    34.3933    1478.81  0.000e+00
   1069.685   56.71812 -151.17474     2.8563    34.3937    1478.81  0.000e+00
   1069.685   56.71812 -151.17474     2.8559    34.3940    1478.81  0.000e+00
   1069.716   56.71812 -151.17474     2.8556    34.3936    1478.81  0.000e+00
   1069.739   56.71812 -151.17474     2.8551    34.3943    1478.81  0.000e+00
   1069.883   56.71812 -151.17474     2.8548    34.3943    1478.81  0.000e+00
   1069.853   56.71812 -151.17474     2.8550    34.3936    1478.81  0.000e+00
   1069.944   56.71812 -151.17474     2.8545    34.3945    1478.81  0.000e+00
   1069.967   56.71812 -151.17474     2.8548    34.3944    1478.81  0.000e+00
   1070.028   56.71812 -151.17474     2.8545    34.3944    1478.81  0.000e+00
   1070.111   56.71812 -151.17474     2.8545    34.3939    1478.81  0.000e+00
   1070.142   56.71812 -151.17474     2.8544    34.3944    1478.81  0.000e+00
   1070.172   56.71812 -151.17474     2.8542    34.3944    1478.81  0.000e+00
   1070.256   56.71812 -151.17474     2.8540    34.3938    1478.81  0.000e+00
   1070.225   56.71812 -151.17474     2.8540    34.3942    1478.81  0.000e+00
   1070.370   56.71812 -151.17474     2.8542    34.3938    1478.81  0.000e+00
   1070.309   56.71812 -151.17474     2.8539    34.3945    1478.81  0.000e+00
   1070.454   56.71812 -151.17474     2.8539    34.3943    1478.81  0.000e+00
   1070.423   56.71812 -151.17474     2.8539    34.3943    1478.81  0.000e+00
   1070.515   56.71812 -151.17474     2.8539    34.3940    1478.81  0.000e+00
   1070.537   56.71812 -151.17474     2.8539    34.3941    1478.81  0.000e+00
   1070.568   56.71812 -151.17474     2.8537    34.3946    1478.81  0.000e+00
   1070.652   56.71812 -151.17474     2.8539    34.3946    1478.82  0.000e+00
   1070.682   56.71812 -151.17474     2.8537    34.3947    1478.82  0.000e+00
   1070.652   56.71812 -151.17474     2.8539    34.3940    1478.81  0.000e+00
   1070.766   56.71812 -151.17474     2.8539    34.3944    1478.82  0.000e+00
   1070.796   56.71812 -151.17474     2.8536    34.3943    1478.82  0.000e+00
   1070.827   56.71812 -151.17474     2.8537    34.3943    1478.82  0.000e+00
   1070.857   56.71812 -151.17474     2.8534    34.3949    1478.82  0.000e+00
   1070.880   56.71812 -151.17474     2.8534    34.3948    1478.82  0.000e+00
   1070.971   56.71812 -151.17474     2.8533    34.3944    1478.82  0.000e+00
   1070.994   56.71812 -151.17474     2.8534    34.3942    1478.82  0.000e+00
   1070.971   56.71812 -151.17474     2.8531    34.3942    1478.82  0.000e+00
   1071.055   56.71812 -151.17474     2.8531    34.3948    1478.82  0.000e+00
   1071.085   56.71812 -151.17474     2.8531    34.3948    1478.82  0.000e+00
   1071.169   56.71812 -151.17474     2.8529    34.3942    1478.82  0.000e+00
   1071.108   56.71812 -151.17474     2.8531    34.3943    1478.82  0.000e+00
   1071.199   56.71812 -151.17474     2.8528    34.3944    1478.82  0.000e+00
   1071.222   56.71812 -151.17474     2.8528    34.3948    1478.82  0.000e+00
   1071.253   56.71812 -151.17474     2.8527    34.3949    1478.82  0.000e+00
   1071.283   56.71812 -151.17474     2.8528    34.3946    1478.82  0.000e+00
   1071.313   56.71812 -151.17474     2.8527    34.3946    1478.82  0.000e+00
   1071.336   56.71812 -151.17474     2.8527    34.3947    1478.82  0.000e+00
   1071.428   56.71812 -151.17474     2.8530    34.3940    1478.82  0.000e+00
   1071.397   56.71812 -151.17476     2.8527    34.3941    1478.82  0.000e+00
   1071.481   56.71812 -151.17476     2.8523    34.3947    1478.82  0.000e+00
   1071.450   56.71812 -151.17476     2.8523    34.3950    1478.82  0.000e+00
   1071.565   56.71812 -151.17476     2.8525    34.3948    1478.83  0.000e+00
   1071.542   56.71812 -151.17476     2.8523    34.3948    1478.82  0.000e+00
   1071.565   56.71812 -151.17476     2.8523    34.3947    1478.82  0.000e+00
   1071.656   56.71812 -151.17476     2.8525    34.3947    1478.83  0.000e+00
   1071.625   56.71812 -151.17476     2.8527    34.3948    1478.83  0.000e+00
   1071.709   56.71812 -151.17476     2.8525    34.3943    1478.83  0.000e+00
   1071.679   56.71812 -151.17476     2.8522    34.3945    1478.83  0.000e+00
   1071.770   56.71812 -151.17476     2.8523    34.3945    1478.83  0.000e+00
   1071.793   56.71812 -151.17476     2.8527    34.3943    1478.83  0.000e+00
   1071.823   56.71812 -151.17476     2.8523    34.3950    1478.83  0.000e+00
   1071.915   56.71812 -151.17476     2.8523    34.3946    1478.83  0.000e+00
   1071.884   56.71812 -151.17476     2.8523    34.3941    1478.83  0.000e+00
   1071.915   56.71812 -151.17476     2.8525    34.3942    1478.83  0.000e+00
   1071.937   56.71812 -151.17476     2.8523    34.3945    1478.83  0.000e+00
   1071.968   56.71812 -151.17476     2.8523    34.3949    1478.83  0.000e+00
   1072.112   56.71812 -151.17476     2.8523    34.3948    1478.83  0.000e+00
   1072.029   56.71812 -151.17476     2.8520    34.3951    1478.83  0.000e+00
   1072.143   56.71812 -151.17476     2.8523    34.3947    1478.83  0.000e+00
   1072.112   56.71812 -151.17476     2.8520    34.3949    1478.83  0.000e+00
   1072.196   56.71812 -151.17476     2.8522    34.3945    1478.83  0.000e+00
   1072.226   56.71812 -151.17476     2.8518    34.3946    1478.83  0.000e+00
   1072.257   56.71812 -151.17476     2.8518    34.3944    1478.83  0.000e+00
   1072.280   56.71812 -151.17476     2.8517    34.3945    1478.83  0.000e+00
   1072.310   56.71812 -151.17476     2.8516    34.3948    1478.83  0.000e+00
   1072.394   56.71812 -151.17476     2.8513    34.3951    1478.83  0.000e+00
   1072.371   56.71812 -151.17476     2.8511    34.3948    1478.83  0.000e+00
   1072.455   56.71812 -151.17476     2.8514    34.3941    1478.83  0.000e+00
   1072.485   56.71812 -151.17476     2.8513    34.3948    1478.84  0.000e+00
   1072.508   56.71812 -151.17476     2.8509    34.3952    1478.83  0.000e+00
   1072.599   56.71812 -151.17476     2.8509    34.3952    1478.84  0.000e+00
   1072.569   56.71812 -151.17476     2.8513    34.3948    1478.84  0.000e+00
   1072.653   56.71812 -151.17476     2.8509    34.3948    1478.84  0.000e+00
   1072.622   56.71812 -151.17476     2.8510    34.3948    1478.84  0.000e+00
   1072.767   56.71812 -151.17476     2.8511    34.3950    1478.84  0.000e+00
   1072.736   56.71812 -151.17476     2.8511    34.3948    1478.84  0.000e+00
   1072.767   56.71812 -151.17476     2.8508    34.3947    1478.84  0.000e+00
   1072.850   56.71812 -151.17476     2.8509    34.3949    1478.84  0.000e+00
   1072.828   56.71812 -151.17476     2.8511    34.3950    1478.84  0.000e+00
   1072.965   56.71812 -151.17476     2.8510    34.3953    1478.84  0.000e+00
   1072.942   56.71812 -151.17476     2.8509    34.3952    1478.84  0.000e+00
   1072.965   56.71812 -151.17476     2.8509    34.3947    1478.84  0.000e+00
   1073.056   56.71812 -151.17476     2.8511    34.3945    1478.84  0.000e+00
   1073.025   56.71812 -151.17476     2.8508    34.3954    1478.84  0.000e+00
   1073.170   56.71812 -151.17476     2.8511    34.3950    1478.85  0.000e+00
   1073.140   56.71812 -151.17476     2.8509    34.3953    1478.85  0.000e+00
   1073.223   56.71812 -151.17476     2.8508    34.3951    1478.85  0.000e+00
   1073.193   56.71812 -151.17476     2.8506    34.3950    1478.84  0.000e+00
   1073.284   56.71812 -151.17476     2.8506    34.3948    1478.85  0.000e+00
   1073.307   56.71812 -151.17476     2.8504    34.3949    1478.85  0.000e+00
   1073.337   56.71812 -151.17476     2.8508    34.3949    1478.85  0.000e+00
   1073.482   56.71812 -151.17476     2.8506    34.3950    1478.85  0.000e+00
   1073.398   56.71812 -151.17476     2.8504    34.3951    1478.85  0.000e+00
   1073.482   56.71812 -151.17476     2.8503    34.3952    1478.85  0.000e+00
   1073.566   56.71812 -151.17476     2.8504    34.3950    1478.85  0.000e+00
   1073.535   56.71812 -151.17476     2.8504    34.3950    1478.85  0.000e+00
   1073.626   56.71812 -151.17476     2.8503    34.3954    1478.85  0.000e+00
   1073.649   56.71812 -151.17476     2.8504    34.3950    1478.85  0.000e+00
   1073.680   56.71812 -151.17476     2.8502    34.3951    1478.85  0.000e+00
   1073.763   56.71812 -151.17476     2.8503    34.3947    1478.85  0.000e+00
   1073.741   56.71812 -151.17476     2.8502    34.3951    1478.85  0.000e+00
   1073.824   56.71812 -151.17476     2.8503    34.3957    1478.86  0.000e+00
   1073.855   56.71812 -151.17476     2.8503    34.3954    1478.86  0.000e+00
   1073.878   56.71812 -151.17476     2.8501    34.3951    1478.85  0.000e+00
   1073.969   56.71812 -151.17476     2.8503    34.3948    1478.86  0.000e+00
   1073.992   56.71812 -151.17476     2.8503    34.3949    1478.86  0.000e+00
   1074.022   56.71812 -151.17476     2.8500    34.3950    1478.86  0.000e+00
   1074.106   56.71812 -151.17476     2.8502    34.3952    1478.86  0.000e+00
