CTD_Alaska/skq202409s_001svp.cnv
* Sea-Bird SBE 9 Data File:
* FileName = D:\CTD\SKQ202409S\SKQ202409S_001.hex
* Software Version Seasave V 7.26.7.121
* Temperature SN = 6042
* Conductivity SN = 0501
* Number of Bytes Per Scan = 41
* Number of Voltage Words = 4
* Number of Scans Averaged by the Deck Unit = 1
* NMEA Latitude = 56 43.18 N
* NMEA Longitude = 151 09.77 W
* NMEA UTC (Time) = Jun 22 2024  00:05:02
* NMEA baud rate = 4800
** Ship: R/V Sikuliaq
** Station Number: 1
** Station Name: KOD1
** Bottom Depth [m]: 1455
** Operator: SBG
# nquan = 7
# nvalues = 45961                                 
# units = specified
# name 0 = depSM: Depth [salt water, m]
# name 1 = latitude: Latitude [deg]
# name 2 = longitude: Longitude [deg]
# name 3 = t090C: Temperature [ITS-90, deg C]
# name 4 = sal00: Salinity, Practical [PSU]
# name 5 = svCM: Sound Velocity [Chen-Millero, m/s]
# name 6 = flag:  0.000e+00
# span 0 =      2.629,   1400.361                 
# span 1 =   56.71742,   56.71936                 
# span 2 = -151.17702, -151.16448                 
# span 3 =     2.3311,     8.6964                 
# span 4 =    32.3668,    34.5003                 
# span 5 =    1468.99,    1482.27                 
# span 6 = 0.0000e+00, 0.0000e+00                 
# interval = seconds: 0.0416667
# start_time = Jun 22 2024 00:08:10 [NMEA time, first data scan]
# bad_flag = -9.990e-29
*END*
[from data line 37334]
   1233.239   56.71794 -151.17552     2.5702    34.4501    1480.41  0.000e+00
   1233.354   56.71794 -151.17552     2.5702    34.4504    1480.41  0.000e+00
   1233.384   56.71794 -151.17552     2.5703    34.4504    1480.41  0.000e+00
   1233.415   56.71794 -151.17552     2.5705    34.4504    1480.41  0.000e+00
   1233.415   56.71794 -151.17552     2.5707    34.4501    1480.41  0.000e+00
   1233.468   56.71794 -151.17552     2.5702    34.4497    1480.41  0.000e+00
   1233.529   56.71794 -151.17552     2.5696    34.4499    1480.41  0.000e+00
   1233.529   56.71794 -151.17552     2.5693    34.4495    1480.41  0.000e+00
   1233.590   56.71794 -151.17552     2.5687    34.4503    1480.41  0.000e+00
   1233.529   56.71794 -151.17552     2.5682    34.4508    1480.40  0.000e+00
   1233.704   56.71794 -151.17552     2.5678    34.4502    1480.40  0.000e+00
   1233.643   56.71794 -151.17552     2.5674    34.4505    1480.40  0.000e+00
   1233.643   56.71794 -151.17552     2.5674    34.4508    1480.40  0.000e+00
   1233.758   56.71794 -151.17552     2.5671    34.4512    1480.40  0.000e+00
   1233.758   56.71794 -151.17552     2.5671    34.4509    1480.40  0.000e+00
   1233.849   56.71794 -151.17552     2.5673    34.4504    1480.40  0.000e+00
   1233.819   56.71794 -151.17552     2.5668    34.4504    1480.40  0.000e+00
   1233.819   56.71794 -151.17552     2.5666    34.4504    1480.40  0.000e+00
   1233.933   56.71794 -151.17552     2.5666    34.4506    1480.40  0.000e+00
   1233.933   56.71794 -151.17552     2.5665    34.4508    1480.40  0.000e+00
   1233.986   56.71794 -151.17552     2.5662    34.4509    1480.40  0.000e+00
   1233.986   56.71794 -151.17552     2.5662    34.4506    1480.40  0.000e+00
   1234.047   56.71794 -151.17552     2.5657    34.4515    1480.40  0.000e+00
   1234.047   56.71794 -151.17552     2.5659    34.4512    1480.40  0.000e+00
   1234.101   56.71794 -151.17552     2.5657    34.4511    1480.40  0.000e+00
   1234.162   56.71794 -151.17552     2.5657    34.4509    1480.40  0.000e+00
   1234.162   56.71794 -151.17552     2.5657    34.4507    1480.40  0.000e+00
   1234.215   56.71794 -151.17552     2.5654    34.4507    1480.40  0.000e+00
   1234.276   56.71794 -151.17552     2.5653    34.4510    1480.40  0.000e+00
   1234.329   56.71794 -151.17552     2.5653    34.4515    1480.40  0.000e+00
   1234.329   56.71794 -151.17552     2.5654    34.4511    1480.40  0.000e+00
   1234.360   56.71794 -151.17552     2.5653    34.4508    1480.40  0.000e+00
   1234.329   56.71794 -151.17552     2.5651    34.4507    1480.40  0.000e+00
   1234.444   56.71794 -151.17552     2.5648    34.4511    1480.40  0.000e+00
   1234.505   56.71794 -151.17552     2.5645    34.4510    1480.40  0.000e+00
   1234.505   56.71794 -151.17552     2.5646    34.4514    1480.40  0.000e+00
   1234.558   56.71794 -151.17552     2.5648    34.4510    1480.41  0.000e+00
   1234.619   56.71794 -151.17552     2.5646    34.4512    1480.41  0.000e+00
   1234.673   56.71794 -151.17552     2.5648    34.4513    1480.41  0.000e+00
   1234.619   56.71794 -151.17554     2.5648    34.4514    1480.41  0.000e+00
   1234.734   56.71794 -151.17554     2.5646    34.4515    1480.41  0.000e+00
   1234.734   56.71794 -151.17554     2.5645    34.4517    1480.41  0.000e+00
   1234.795   56.71794 -151.17554     2.5643    34.4516    1480.41  0.000e+00
   1234.848   56.71794 -151.17554     2.5641    34.4514    1480.41  0.000e+00
   1234.909   56.71794 -151.17554     2.5642    34.4515    1480.41  0.000e+00
   1234.848   56.71794 -151.17554     2.5643    34.4513    1480.41  0.000e+00
   1235.023   56.71794 -151.17554     2.5640    34.4514    1480.41  0.000e+00
   1234.962   56.71794 -151.17554     2.5639    34.4509    1480.41  0.000e+00
   1235.023   56.71794 -151.17554     2.5637    34.4513    1480.41  0.000e+00
   1235.138   56.71794 -151.17554     2.5637    34.4509    1480.41  0.000e+00
   1235.138   56.71794 -151.17554     2.5635    34.4511    1480.41  0.000e+00
   1235.138   56.71794 -151.17554     2.5634    34.4514    1480.41  0.000e+00
   1235.222   56.71794 -151.17554     2.5632    34.4513    1480.41  0.000e+00
   1235.252   56.71794 -151.17554     2.5629    34.4516    1480.41  0.000e+00
   1235.305   56.71794 -151.17554     2.5632    34.4512    1480.41  0.000e+00
   1235.366   56.71794 -151.17554     2.5631    34.4511    1480.41  0.000e+00
   1235.366   56.71794 -151.17554     2.5631    34.4510    1480.41  0.000e+00
   1235.420   56.71794 -151.17554     2.5629    34.4516    1480.41  0.000e+00
   1235.481   56.71794 -151.17554     2.5627    34.4519    1480.41  0.000e+00
   1235.534   56.71794 -151.17554     2.5631    34.4517    1480.42  0.000e+00
   1235.595   56.71794 -151.17554     2.5629    34.4518    1480.42  0.000e+00
   1235.595   56.71794 -151.17554     2.5627    34.4519    1480.42  0.000e+00
   1235.649   56.71794 -151.17554     2.5629    34.4514    1480.42  0.000e+00
   1235.710   56.71794 -151.17554     2.5625    34.4511    1480.42  0.000e+00
   1235.710   56.71794 -151.17554     2.5621    34.4512    1480.41  0.000e+00
   1235.824   56.71794 -151.17554     2.5620    34.4514    1480.42  0.000e+00
   1235.824   56.71794 -151.17554     2.5618    34.4512    1480.41  0.000e+00
   1235.824   56.71794 -151.17554     2.5617    34.4518    1480.41  0.000e+00
   1235.938   56.71794 -151.17554     2.5614    34.4522    1480.42  0.000e+00
   1235.999   56.71794 -151.17554     2.5614    34.4517    1480.42  0.000e+00
   1235.999   56.71794 -151.17554     2.5614    34.4518    1480.42  0.000e+00
   1236.053   56.71794 -151.17554     2.5611    34.4524    1480.42  0.000e+00
   1236.114   56.71794 -151.17554     2.5615    34.4518    1480.42  0.000e+00
   1236.114   56.71794 -151.17554     2.5616    34.4512    1480.42  0.000e+00
   1236.228   56.71794 -151.17554     2.5615    34.4517    1480.42  0.000e+00
   1236.281   56.71794 -151.17554     2.5614    34.4522    1480.42  0.000e+00
   1236.281   56.71794 -151.17554     2.5615    34.4518    1480.42  0.000e+00
   1236.342   56.71794 -151.17554     2.5617    34.4517    1480.42  0.000e+00
   1236.342   56.71794 -151.17554     2.5615    34.4515    1480.42  0.000e+00
   1236.457   56.71794 -151.17554     2.5617    34.4515    1480.42  0.000e+00
   1236.457   56.71794 -151.17554     2.5614    34.4522    1480.42  0.000e+00
   1236.510   56.71794 -151.17554     2.5614    34.4522    1480.43  0.000e+00
   1236.571   56.71794 -151.17554     2.5617    34.4514    1480.43  0.000e+00
   1236.625   56.71794 -151.17554     2.5615    34.4519    1480.43  0.000e+00
   1236.625   56.71794 -151.17554     2.5614    34.4519    1480.43  0.000e+00
   1236.686   56.71794 -151.17554     2.5614    34.4518    1480.43  0.000e+00
   1236.739   56.71794 -151.17554     2.5612    34.4518    1480.43  0.000e+00
   1236.853   56.71794 -151.17554     2.5607    34.4517    1480.43  0.000e+00
   1236.800   56.71794 -151.17554     2.5606    34.4520    1480.43  0.000e+00
   1236.853   56.71794 -151.17554     2.5604    34.4519    1480.43  0.000e+00
   1236.968   56.71794 -151.17554     2.5604    34.4518    1480.43  0.000e+00
   1236.914   56.71794 -151.17554     2.5604    34.4525    1480.43  0.000e+00
   1237.029   56.71794 -151.17554     2.5603    34.4524    1480.43  0.000e+00
   1237.090   56.71794 -151.17554     2.5603    34.4520    1480.43  0.000e+00
   1237.090   56.71794 -151.17554     2.5603    34.4519    1480.43  0.000e+00
   1237.143   56.71794 -151.17554     2.5600    34.4520    1480.43  0.000e+00
   1237.204   56.71794 -151.17554     2.5598    34.4525    1480.43  0.000e+00
   1237.257   56.71794 -151.17554     2.5598    34.4521    1480.43  0.000e+00
   1237.257   56.71794 -151.17554     2.5598    34.4520    1480.43  0.000e+00
   1237.318   56.71794 -151.17554     2.5600    34.4523    1480.43  0.000e+00
   1237.372   56.71794 -151.17554     2.5597    34.4523    1480.43  0.000e+00
   1237.433   56.71794 -151.17554     2.5600    34.4520    1480.43  0.000e+00
   1237.433   56.71794 -151.17554     2.5597    34.4528    1480.43  0.000e+00
   1237.486   56.71794 -151.17554     2.5601    34.4518    1480.44  0.000e+00
   1237.547   56.71794 -151.17554     2.5598    34.4520    1480.44  0.000e+00
   1237.547   56.71794 -151.17554     2.5600    34.4522    1480.44  0.000e+00
   1237.661   56.71794 -151.17554     2.5601    34.4518    1480.44  0.000e+00
   1237.661   56.71794 -151.17554     2.5600    34.4522    1480.44  0.000e+00
   1237.715   56.71794 -151.17554     2.5603    34.4519    1480.44  0.000e+00
   1237.776   56.71794 -151.17554     2.5598    34.4528    1480.44  0.000e+00
   1237.776   56.71794 -151.17554     2.5600    34.4523    1480.44  0.000e+00
   1237.829   56.71794 -151.17554     2.5601    34.4520    1480.44  0.000e+00
   1237.890   56.71794 -151.17554     2.5598    34.4524    1480.44  0.000e+00
   1237.890   56.71794 -151.17554     2.5600    34.4526    1480.44  0.000e+00
   1237.944   56.71794 -151.17554     2.5603    34.4522    1480.44  0.000e+00
   1238.058   56.71794 -151.17554     2.5603    34.4518    1480.45  0.000e+00
   1238.005   56.71794 -151.17554     2.5603    34.4518    1480.45  0.000e+00
   1238.058   56.71794 -151.17554     2.5598    34.4522    1480.44  0.000e+00
   1238.119   56.71794 -151.17554     2.5603    34.4522    1480.45  0.000e+00
   1238.180   56.71794 -151.17554     2.5600    34.4523    1480.45  0.000e+00
   1238.180   56.71794 -151.17554     2.5601    34.4520    1480.45  0.000e+00
   1238.294   56.71794 -151.17554     2.5600    34.4517    1480.45  0.000e+00
   1238.233   56.71794 -151.17554     2.5601    34.4521    1480.45  0.000e+00
   1238.348   56.71794 -151.17554     2.5601    34.4523    1480.45  0.000e+00
   1238.409   56.71794 -151.17554     2.5598    34.4522    1480.45  0.000e+00
   1238.409   56.71794 -151.17554     2.5601    34.4517    1480.45  0.000e+00
   1238.462   56.71794 -151.17554     2.5598    34.4520    1480.45  0.000e+00
   1238.462   56.71794 -151.17554     2.5600    34.4522    1480.45  0.000e+00
   1238.523   56.71794 -151.17554     2.5600    34.4523    1480.45  0.000e+00
   1238.576   56.71794 -151.17554     2.5598    34.4521    1480.45  0.000e+00
   1238.637   56.71794 -151.17554     2.5597    34.4521    1480.45  0.000e+00
   1238.637   56.71794 -151.17554     2.5598    34.4521    1480.45  0.000e+00
   1238.691   56.71794 -151.17554     2.5597    34.4528    1480.46  0.000e+00
   1238.805   56.71794 -151.17554     2.5598    34.4525    1480.46  0.000e+00
   1238.775   56.71794 -151.17554     2.5600    34.4522    1480.46  0.000e+00
   1238.805   56.71794 -151.17554     2.5600    34.4519    1480.46  0.000e+00
   1238.866   56.71794 -151.17554     2.5600    34.4521    1480.46  0.000e+00
   1238.920   56.71794 -151.17554     2.5601    34.4518    1480.46  0.000e+00
   1238.981   56.71794 -151.17554     2.5598    34.4525    1480.46  0.000e+00
   1238.981   56.71794 -151.17554     2.5600    34.4522    1480.46  0.000e+00
   1239.034   56.71794 -151.17554     2.5598    34.4521    1480.46  0.000e+00
   1239.095   56.71794 -151.17554     2.5601    34.4518    1480.46  0.000e+00
   1239.095   56.71794 -151.17554     2.5600    34.4521    1480.46  0.000e+00
   1239.148   56.71794 -151.17554     2.5603    34.4517    1480.46  0.000e+00
   1239.263   56.71794 -151.17554     2.5600    34.4524    1480.47  0.000e+00
   1239.263   56.71794 -151.17554     2.5598    34.4523    1480.47  0.000e+00
   1239.263   56.71794 -151.17554     2.5598    34.4519    1480.46  0.000e+00
   1239.385   56.71794 -151.17554     2.5595    34.4524    1480.47  0.000e+00
   1239.385   56.71794 -151.17554     2.5595    34.4527    1480.47  0.000e+00
   1239.438   56.71794 -151.17554     2.5597    34.4521    1480.47  0.000e+00
   1239.499   56.71794 -151.17554     2.5597    34.4519    1480.47  0.000e+00
   1239.499   56.71794 -151.17554     2.5593    34.4524    1480.47  0.000e+00
   1239.553   56.71794 -151.17554     2.5597    34.4524    1480.47  0.000e+00
   1239.667   56.71794 -151.17554     2.5600    34.4519    1480.47  0.000e+00
   1239.667   56.71794 -151.17554     2.5598    34.4522    1480.47  0.000e+00
   1239.690   56.71794 -151.17554     2.5597    34.4522    1480.47  0.000e+00
   1239.781   56.71794 -151.17554     2.5597    34.4525    1480.47  0.000e+00
   1239.781   56.71794 -151.17554     2.5598    34.4520    1480.47  0.000e+00
   1239.842   56.71794 -151.17554     2.5598    34.4522    1480.47  0.000e+00
   1239.957   56.71794 -151.17556     2.5600    34.4522    1480.48  0.000e+00
   1239.896   56.71794 -151.17556     2.5598    34.4524    1480.48  0.000e+00
   1240.010   56.71794 -151.17556     2.5603    34.4521    1480.48  0.000e+00
   1240.010   56.71794 -151.17556     2.5600    34.4518    1480.48  0.000e+00
   1240.124   56.71794 -151.17556     2.5600    34.4515    1480.48  0.000e+00
   1240.071   56.71794 -151.17556     2.5601    34.4516    1480.48  0.000e+00
   1240.185   56.71794 -151.17556     2.5598    34.4522    1480.48  0.000e+00
   1240.300   56.71794 -151.17556     2.5595    34.4523    1480.48  0.000e+00
   1240.239   56.71794 -151.17556     2.5598    34.4519    1480.48  0.000e+00
   1240.300   56.71794 -151.17556     2.5600    34.4520    1480.48  0.000e+00
   1240.353   56.71794 -151.17556     2.5600    34.4523    1480.48  0.000e+00
   1240.437   56.71794 -151.17556     2.5603    34.4518    1480.49  0.000e+00
   1240.475   56.71794 -151.17556     2.5604    34.4517    1480.49  0.000e+00
   1240.475   56.71794 -151.17556     2.5604    34.4518    1480.49  0.000e+00
   1240.643   56.71794 -151.17556     2.5601    34.4518    1480.49  0.000e+00
   1240.590   56.71794 -151.17556     2.5595    34.4519    1480.49  0.000e+00
   1240.643   56.71794 -151.17556     2.5592    34.4519    1480.49  0.000e+00
   1240.643   56.71794 -151.17556     2.5589    34.4519    1480.48  0.000e+00
   1240.757   56.71794 -151.17556     2.5586    34.4521    1480.48  0.000e+00
   1240.818   56.71794 -151.17556     2.5586    34.4525    1480.49  0.000e+00
   1240.818   56.71794 -151.17556     2.5586    34.4527    1480.49  0.000e+00
   1240.872   56.71794 -151.17556     2.5587    34.4527    1480.49  0.000e+00
   1240.933   56.71794 -151.17556     2.5586    34.4529    1480.49  0.000e+00
   1241.047   56.71794 -151.17556     2.5589    34.4522    1480.49  0.000e+00
   1240.956   56.71794 -151.17556     2.5592    34.4519    1480.49  0.000e+00
   1241.100   56.71794 -151.17556     2.5592    34.4524    1480.49  0.000e+00
   1241.100   56.71794 -151.17556     2.5593    34.4521    1480.49  0.000e+00
   1241.161   56.71794 -151.17556     2.5590    34.4523    1480.49  0.000e+00
   1241.161   56.71794 -151.17556     2.5589    34.4525    1480.49  0.000e+00
   1241.276   56.71794 -151.17556     2.5590    34.4523    1480.50  0.000e+00
   1241.329   56.71794 -151.17556     2.5589    34.4524    1480.50  0.000e+00
   1241.329   56.71794 -151.17556     2.5590    34.4524    1480.50  0.000e+00
   1241.329   56.71794 -151.17556     2.5589    34.4526    1480.50  0.000e+00
   1241.505   56.71794 -151.17556     2.5589    34.4524    1480.50  0.000e+00
   1241.444   56.71794 -151.17556     2.5589    34.4525    1480.50  0.000e+00
   1241.527   56.71794 -151.17556     2.5590    34.4527    1480.50  0.000e+00
   1241.566   56.71794 -151.17556     2.5590    34.4527    1480.50  0.000e+00
   1241.619   56.71794 -151.17556     2.5589    34.4521    1480.50  0.000e+00
   1241.680   56.71794 -151.17556     2.5589    34.4519    1480.50  0.000e+00
   1241.680   56.71794 -151.17556     2.5586    34.4524    1480.50  0.000e+00
   1241.733   56.71794 -151.17556     2.5584    34.4526    1480.50  0.000e+00
   1241.794   56.71794 -151.17556     2.5584    34.4524    1480.50  0.000e+00
   1241.848   56.71794 -151.17556     2.5586    34.4521    1480.50  0.000e+00
   1241.848   56.71794 -151.17556     2.5584    34.4523    1480.50  0.000e+00
   1241.909   56.71794 -151.17556     2.5584    34.4525    1480.50  0.000e+00
